%YAML:1.0

#--------------------------------------------------------------------------------------------
# Camera Parameters
#--------------------------------------------------------------------------------------------
Camera.type: "PinHole"

# Camera calibration and distortion parameters (OpenCV)
Camera.fx: 610.1799470098168
Camera.fy: 610.1799470098168
Camera.cx: 512.5
Camera.cy: 512.5

Camera.k1: 0.0
Camera.k2: 0.0
Camera.p1: 0.0
Camera.p2: 0.0

Camera.width: 1024
Camera.height: 1024

# Camera frames per second 
Camera.fps: 20.0  # <-- Replace with your actual fps

# stereo baseline times fx
Camera.bf: 73.22159364117802

# Color order of the images (0: BGR, 1: RGB. It is ignored if images are grayscale)
Camera.RGB: 1  # <-- Replace based on your image stream

# Close/Far threshold. Baseline times.
ThDepth: 60.0

# Transformation from camera 0 to body-frame (imu)
Tbc: !!opencv-matrix
   rows: 4
   cols: 4
   dt: f
   data: [0.0148655429818, -0.999880929698, 0.00414029679422, -0.0216401454975,
         0.999557249008, 0.0149672133247, 0.025715529948, -0.064676986768,
        -0.0257744366974, 0.00375618835797, 0.999660727178, 0.00981073058949,
         0.0, 0.0, 0.0, 1.0]

# IMU noise
IMU.NoiseGyro: 1.7e-04
IMU.NoiseAcc: 2.0e-03
IMU.GyroWalk: 1.9393e-05 
IMU.AccWalk: 3.e-03
IMU.Frequency: 200

#--------------------------------------------------------------------------------------------
# Stereo Rectification
#--------------------------------------------------------------------------------------------
LEFT.height: 1024
LEFT.width: 1024
LEFT.D: !!opencv-matrix
   rows: 1
   cols: 5
   dt: d
   data:[0.0, 0.0, 0.0, 0.0, 0.0]
LEFT.K: !!opencv-matrix
   rows: 3
   cols: 3
   dt: d
   data: [610.1799470098168, 0.0, 512.5, 0.0, 610.1799470098168, 512.5, 0.0, 0.0, 1.0]
LEFT.R: !!opencv-matrix
   rows: 3
   cols: 3
   dt: d
   data: [1.0, 0.0, 0.0, 0.0, 1.0, 0.0, 0.0, 0.0, 1.0]
LEFT.Rf: !!opencv-matrix
   rows: 3
   cols: 3
   dt: f
   data: [1.0, 0.0, 0.0, 0.0, 1.0, 0.0, 0.0, 0.0, 1.0]
LEFT.P: !!opencv-matrix
   rows: 3
   cols: 4
   dt: d
   data: [610.1799470098168, 0.0, 512.5, 0.0, 0.0, 610.1799470098168, 512.5, 0.0, 0.0, 0.0, 1.0, 0.0]

RIGHT.height: 1024
RIGHT.width: 1024
RIGHT.D: !!opencv-matrix
   rows: 1
   cols: 5
   dt: d
   data:[0.0, 0.0, 0.0, 0.0, 0.0]
RIGHT.K: !!opencv-matrix
   rows: 3
   cols: 3
   dt: d
   data: [610.1799470098168, 0.0, 512.5, 0.0, 610.1799470098168, 512.5, 0.0, 0.0, 1.0]
RIGHT.R: !!opencv-matrix
   rows: 3
   cols: 3
   dt: d
   data: [1.0, 0.0, 0.0, 0.0, 1.0, 0.0, 0.0, 0.0, 1.0]
RIGHT.P: !!opencv-matrix
   rows: 3
   cols: 4
   dt: d
   data: [610.1799470098168, 0.0, 512.5, -73.22159364117802, 0.0, 610.1799470098168, 512.5, 0.0, 0.0, 0.0, 1.0, 0.0]

#--------------------------------------------------------------------------------------------
# ORB Parameters
#--------------------------------------------------------------------------------------------
ORBextractor.nFeatures: 1200
ORBextractor.scaleFactor: 1.2
ORBextractor.nLevels: 8
ORBextractor.iniThFAST: 20
ORBextractor.minThFAST: 7

#--------------------------------------------------------------------------------------------
# Viewer Parameters
#--------------------------------------------------------------------------------------------
Viewer.KeyFrameSize: 0.05
Viewer.KeyFrameLineWidth: 1
Viewer.GraphLineWidth: 0.9
Viewer.PointSize: 2
Viewer.CameraSize: 0.08
Viewer.CameraLineWidth: 3
Viewer.ViewpointX: 0
Viewer.ViewpointY: -0.7
Viewer.ViewpointZ: -1.8
Viewer.ViewpointF: 500
